b = [1, 2, 3; 4, 5, 6]
t = [8; 9]
[b t]